-1.063835340350656120e-02
2.713215632114204454e-03
7.756059808613675610e-01
3.322735533669040064e-01
-1.324559491284918672e-03
5.443172557380132615e-01
5.685972705910396358e-02
-7.352312038878884570e-02
6.608662021909265938e-02
-3.192558646281513923e-02
-5.528191368012960391e-03
2.854653410825475635e-01
-2.319667030579852102e-02
6.764827687537580680e-02
1.085084590212301650e-02
4.006823013450345333e-02
1.118791725362862366e-02
-3.510334880869383362e-02
2.303011002897265361e-02
-5.694911654859225597e-02
-7.628605616824449265e-02
-4.285111489499086185e-02
-2.814183158714960060e-03
1.354781998366975937e-01
-9.990399348789074513e-03
3.895985186626362007e-02
3.935696372062812143e-02
1.791567957253126925e-02
5.262178392414696391e-03
1.462530538557075821e-01
2.174650827815957296e-02
-5.751178857256776002e-03
1.517689576921497051e-02
-1.864226832101489569e-03
-3.579799412082026316e-03
-4.204985565208591014e-02
-9.688611581928879835e-03
3.679388608628370375e-03
-5.366241482674095897e-02
8.875097624249641756e-03
-2.811793726673171654e-03
6.042371972490463705e-02
-3.717589492775526857e-03
9.787127707518911146e-03
3.305870902728091226e-02
-2.053875624583962006e-04
8.261845476216160555e-03
9.338541397116793819e-02
9.036771418991111421e-04
-2.962399766655753747e-02
9.366830032949826496e-03
-1.801378962537510120e-02
-7.469989445937976445e-03
-4.611234535881951480e-02
9.483679607372386827e-03
5.033001357820546945e-02
-2.951143930531088463e-02
2.220895982481096986e-02
2.302849574913871239e-02
3.308524153433699960e-02
-7.354653070668781649e-03
-5.745529252925268143e-02
9.883719963384806836e-03
-2.237286151569209229e-03
-1.875623761030488848e-02
8.129295088694413196e-02
9.981974528855288784e-03
7.124912357262223883e-02
-1.131830833464842097e-02
-9.680793088075534750e-03
1.622111016143120560e-02
-1.839543905619465264e-02
-4.837484978126893251e-03
-7.162133828633500399e-02
6.601281861190026919e-03
-5.233468475448169351e-04
-6.804585141773645922e-03
4.627373190636211407e-03
6.915475294875368835e-03
7.509364562088408079e-02
1.611643312508804007e-02
1.108527288475202183e-02
1.809468695827976328e-02
3.577323142316943261e-02
-4.138448391859503479e-03
-7.564174421412864224e-02
-1.966705337126635478e-02
-3.613070497366369788e-03
-2.792421385454088231e-02
2.346107885119611772e-03
-2.834514313403455315e-03
5.616935178450686850e-02
7.561927281029798796e-03
3.966065480491606961e-03
1.251019847147447940e-02
6.520844866094921942e-03
1.480058431311673944e-02
-5.073238408080804618e-02
-1.609581286389080539e-03
7.931518354908613164e-03
-2.151950655635533408e-02
1.955808721479456586e-02
-1.807756951330682926e-02
3.911356690527251906e-02
-6.095853598940337466e-03
-5.427019450080726101e-03
2.486381147844482151e-02
1.113462786051922469e-02
1.529500024704281286e-02
-3.240732020632258042e-02
1.975274356471692222e-02
6.217742915377310470e-03
-1.873354928923887108e-02
-1.046951512028035380e-02
-1.288584769133553805e-02
1.864990731778861516e-02
-1.540738556435433150e-02
3.768794992853749743e-04
-1.801677373638321247e-03
2.767247947666717431e-02
5.095552575570770452e-03
2.582261654941949390e-03
9.707745030031814104e-03
-8.619893139275144802e-04
-1.474184840552053219e-03
2.539382479567879949e-02
9.961167765551354886e-03
9.883525843195659771e-03
4.679062099154167841e-03
2.645365128875970875e-03
4.419650349333979072e-03
-3.458265124970082843e-02
-1.069667291116312667e-02
-3.521456824661069098e-03
-3.028872877479810502e-02
9.375002392109311935e-04
2.149245155641789969e-03
6.758386836089062821e-02
6.261410171980165591e-03
-9.762924737833968483e-03
4.433039038946449961e-02
1.141947034412641501e-03
3.078356053264773209e-03
-4.375478447455344311e-02
9.243393458256233880e-04
3.970253491113258544e-03
-3.305012139540116495e-02
2.484494656561310813e-03
7.674213195769930690e-03
3.883858373622006005e-02
-2.264470749596292787e-03
-5.285131287336587887e-03
9.386392556127031925e-03
7.345328279955547386e-03
