-1.125720453435441297e-02
-6.756611122039991868e-03
1.177735627171298538e-01
5.069501697416673586e-02
-1.692918244123328177e-03
8.730540659311375462e-02
8.992059484597024130e-03
1.668884298379591253e-03
4.057692961072009198e-03
1.840080894488535122e-03
5.728002838018375446e-03
6.006618745710808754e-02
-1.154045268811163850e-02
-1.071112024854993646e-03
-1.786670566291063272e-04
1.955674155757586210e-03
1.239160425882147474e-03
4.995856447225748530e-03
8.554179499350052923e-03
-3.700479121993220655e-03
-3.570202808060893122e-03
-2.583831401470073307e-03
-6.892436192741902782e-04
1.887136867209851174e-02
8.429945330054309724e-03
4.534875374149647739e-03
3.624399854076483518e-03
4.210828182811541739e-03
3.837684283766160370e-03
2.513641819719232215e-02
-5.428837440596172119e-03
-9.960037267286129137e-04
-2.885820128284935504e-03
-1.458440847637369232e-03
-2.770390625791901550e-03
-1.449727980565670808e-03
2.851275191762494459e-04
-4.256183221397136923e-03
-2.945240169007198872e-03
-2.801385864095483954e-03
-4.869339435762004911e-03
1.080848561787364250e-02
3.789594309565918768e-03
3.717810805060612570e-03
5.636226494969602020e-03
3.038201945528649223e-03
-2.046687031176529941e-04
1.812988618910225946e-02
1.121695193923413596e-03
-1.430344615989900207e-03
-2.835410425800391921e-03
-1.602577383155701172e-03
-8.793765420364108368e-04
-3.116856263053989062e-03
3.313641983416977825e-04
-4.344887712840009644e-03
-2.332085902344616796e-03
-3.678960495006833049e-03
2.923368530107169506e-03
7.328084918729059309e-03
-9.113350734259318808e-04
1.390282029649085333e-03
3.453975241409235671e-03
2.887942570274576806e-03
1.647223579737311719e-03
1.343244377910776319e-02
-1.345096764601887065e-03
3.956311828430618925e-03
-2.713549619226811316e-03
-9.545985987669614384e-04
-5.469857007111032961e-03
-1.086649195276692247e-03
9.999511657597505519e-04
-1.806037577549554976e-03
2.706106335552856124e-03
4.373040620569581638e-04
1.666023783072809921e-03
8.697461944820010504e-03
-1.004158812226396170e-03
9.432612587675107086e-04
2.244833136763762539e-03
-2.940260730333599682e-03
-4.388031226872510064e-03
8.293782308451222440e-03
4.259222116334221778e-04
2.769389476019867326e-03
-6.275282607634984078e-03
-4.449942653788198734e-04
-6.027314791745557766e-03
-3.873238813386917050e-03
3.312593029563285158e-04
2.113726487379194528e-03
4.529141464968769633e-03
-2.577407172664633551e-04
9.708684066072118240e-04
7.833989152684864288e-03
1.666852076148448141e-03
-2.779081628150956683e-03
4.045145801264003922e-03
-1.051910791303719899e-03
-3.117607932534790377e-03
8.233713122708690574e-03
-2.834824176757789940e-03
-2.091256031914310275e-03
-5.854615188144671363e-03
1.543310161110469795e-03
4.502032741860068597e-03
-6.899385438870154694e-04
2.753720046410008081e-03
4.461524144420960132e-03
1.792019332516221969e-03
-1.382167717436776555e-03
2.433867939274487709e-04
6.060536641906348436e-03
3.027319268766287107e-04
-2.657407198591082900e-03
6.609968840270414149e-04
-1.644082579620042119e-03
2.257208910563308804e-04
4.067295689641498707e-03
1.804737835816251819e-04
2.765214355325327535e-03
-5.174899792071280258e-04
-4.360258484055423126e-04
2.980326541458767301e-03
2.642150671861899784e-04
-1.320374224749237260e-03
-2.649834658330437690e-03
6.124989868723903531e-03
-7.294118000617618629e-04
-2.321651309594427448e-03
5.514858562387729354e-03
1.008518527723668064e-03
-3.277639872487013678e-04
-5.898939362841222958e-03
-1.100008738878727492e-03
3.411355151254320730e-03
2.416689368202162413e-03
7.828927153417583606e-05
-1.596965942385840040e-03
-4.893364793789010091e-03
1.472740426317684765e-04
3.131792393604909946e-03
-1.387766665648106860e-03
3.093268451845147815e-04
-5.479824755993664698e-03
1.020815953159159677e-02
-1.879481651133569492e-03
-1.192170252464513046e-03
7.394630778024721164e-03
-7.719812066141102953e-04
-1.095605428336446537e-03
-3.271420497207765989e-03
-3.116640186062846068e-04
