3.225474425439828208e-02
-2.509009535246211481e-03
2.267344721299011934e-01
1.114386662453855925e-01
-2.274918375104799037e-02
1.875247830642172986e-01
-3.630892337252359867e-03
8.911437711978076673e-03
1.459631933555456109e-03
-1.475819711862661962e-02
2.351693833822699267e-02
1.369133699149731043e-01
8.034206823250336291e-03
3.302940187862983545e-02
-2.582990448647542667e-02
1.528943528219717934e-02
-1.183164811864873293e-03
1.562081910892117176e-02
2.039571377762411635e-03
2.570415062337279375e-03
2.814354517278782816e-02
-7.297034141549228053e-03
3.392916221149307882e-02
5.951773630126480641e-02
-6.952993795297950086e-03
1.455564664084736497e-02
-9.742238641604249183e-03
-3.046883274907644947e-04
2.985425537417061691e-03
2.079516888294579216e-02
1.068648643084361624e-02
-1.555345690924108586e-03
-1.756952061744912821e-02
-5.322440892127581341e-04
3.402499391343340868e-02
4.209000083166476724e-02
-9.783633576942122462e-03
-7.138477698102440282e-03
2.566974746015594430e-02
-5.515885521353638098e-03
-8.150131562950512127e-05
4.423942687771675701e-03
3.152804255304157092e-03
-4.925120998873537548e-03
-2.921583837959020394e-02
3.459218103496823106e-03
2.573891640365404132e-02
1.479065888137310464e-02
-5.970487181856725875e-04
-2.177873929303016098e-02
2.030593068911484486e-02
-1.021723068988884472e-02
-3.766603123306217112e-03
4.347782476387215128e-02
9.560212153979417114e-04
-9.152390922317232835e-03
-2.057031605826721565e-02
5.697480116956300106e-03
7.725095399036670425e-03
-2.031319766986539738e-02
-2.963577233291373424e-03
-2.985472969920409739e-02
7.989097749858590711e-03
-6.072600865019640165e-03
-9.131554567259551891e-03
3.989332030860664319e-02
-7.657984140573725895e-03
-5.483951585185527569e-03
2.055054458160162321e-03
1.516243873459583542e-03
-6.186466460444504413e-03
-4.386305169150739162e-04
6.282028369702807695e-03
-2.978350040548023714e-02
-3.011190407017359794e-02
6.070202156959317091e-04
-1.690591560925057413e-02
7.253207084650949675e-03
-8.387354222774631718e-03
-2.876345296599779663e-03
3.251244225641711921e-02
-7.028570691088175879e-03
-1.951778467349518653e-02
2.421153558205476133e-02
4.524707192052369875e-03
-1.681121806980948388e-02
-1.573001106196780449e-02
9.140846987102166496e-05
-1.634777895545922247e-02
-8.924692304441124782e-03
-1.137115393433375896e-03
4.808496327081851832e-03
-1.033119952353606444e-02
1.496812971188294424e-03
-2.467547296256682524e-02
1.753625282720501152e-02
-3.239619479183866637e-03
-7.024858847747393262e-03
8.550698680199766977e-03
5.811810369511381715e-04
-2.004024887847190989e-02
9.421113714936023634e-03
3.061800382522004895e-03
1.621815961398801256e-02
-8.919861026649440749e-03
-6.578805953916723459e-03
-2.087043913694313149e-02
-8.020054196336117922e-03
-3.953794918479830445e-03
8.299684422643954437e-03
-2.468674347582325464e-03
3.786607995788230079e-03
-1.116007035984415210e-02
1.948403965592760551e-02
-1.116281482907052888e-03
2.961066652891928414e-02
3.566982127389371846e-03
-9.273265342506437428e-03
-1.307120793408846418e-02
7.239469402871132400e-03
3.942226695356172012e-03
1.371631652189727289e-02
-1.206071545071113124e-02
3.234378347057351600e-03
6.838230887973677057e-03
-7.298265430384241227e-03
1.118974407049794922e-03
3.755894088806922132e-02
1.633744895253037843e-02
-2.589737322122281915e-03
-1.328071130679914919e-02
1.712322146390677507e-02
-8.584480078439697681e-03
1.490554394749675493e-02
-2.165042748191150709e-02
-2.473383512620303090e-04
2.410184958726791296e-02
4.093696994478755388e-03
7.422600387159480374e-03
2.909252660549459593e-02
9.226851746340478458e-03
-2.141044575246543475e-03
-2.971563444755734307e-02
-1.157550990428274709e-02
-1.330954398144914251e-03
4.559049136344238418e-02
-2.824199124462455860e-03
4.100770073569050267e-03
-2.396231845634361549e-02
2.582336449770987127e-02
-1.946401876243947736e-04
-9.120414701522191331e-03
-6.010114896641722236e-03
-8.737521838738085758e-03
