-9.606017540395021814e-03
-6.702439995231897034e-03
5.896563194139298192e-01
2.994197871613843431e-01
-8.958210649762895703e-03
4.362830699963311520e-01
6.675228835532229232e-02
-2.187973186637710496e-02
2.906697554099657924e-02
1.840981046589247605e-02
-2.214928336444886570e-02
3.227011621874951164e-01
1.233381865523453143e-02
-4.536708656133141282e-02
2.746574521828229129e-02
2.250170071628783061e-02
-2.018215503345311898e-02
7.743076908803316061e-02
-3.014268448069359896e-03
-2.383859278525279554e-02
-3.481489144207754183e-02
3.341735696618264306e-02
6.072230755864460941e-03
8.498267272410645057e-02
-1.283811470269268342e-03
7.315723712392511839e-03
-2.726810156654467868e-02
3.681207562459355015e-02
2.791080339089280216e-02
9.893800438464694924e-02
2.009808442937108079e-03
6.897154113503049799e-04
3.607287353663082841e-02
2.601200593953621222e-03
1.989079415630351511e-02
4.211824678066559968e-02
8.330908732933916400e-03
-1.705594126410817785e-02
3.363920008402353223e-02
-2.941723752431262343e-02
-6.081892177369569103e-04
7.116143722173509656e-02
3.473226370693874732e-03
-7.042952987828694604e-03
2.436451385817566765e-03
4.556226994853729978e-02
-7.520766945622285246e-03
7.835235932477384313e-02
-3.377859603341689960e-03
6.066961522810491135e-03
5.830761135748746722e-03
3.076104336475894100e-03
-5.025115745128622136e-03
1.760643688400659670e-02
-5.169507473664965158e-03
-3.622823280354029764e-03
-6.417653345734656992e-04
-9.920031530938976105e-03
-2.748632870452463132e-03
4.096062541057862716e-02
7.602496513991919593e-03
-5.879346683489302186e-03
-1.148474138271915121e-02
-6.920752085888862495e-03
3.599656285904077012e-03
7.232376916291888280e-02
8.449953588639912486e-03
1.096806474557765823e-02
4.967901726351727290e-03
1.777212987862483457e-03
5.060488833686402170e-03
1.391727444143580489e-02
-2.726694022399019698e-03
6.695239698227094596e-03
1.207285161107372884e-03
8.840576420861714566e-03
-9.300245447141815280e-03
7.763299853531642480e-03
-1.108749942195759626e-02
-1.266045945053280442e-02
-1.698214585216170289e-02
6.821108281706645196e-03
-1.114809536814567389e-02
4.457431822498674617e-02
4.863186692716967366e-03
6.649984241537734535e-03
1.584991961546187295e-03
-3.050070578710401426e-03
1.727026490977955075e-02
1.380988102320232502e-02
-3.134481464172093716e-03
3.239949536517080370e-02
4.902581383613208513e-03
2.041585629570625508e-03
2.143992717187948385e-02
2.140477458061315966e-02
8.671024200633726045e-03
-1.094172195914354558e-02
-2.803133683934360201e-02
-2.348627971469303272e-02
-2.495613314465674679e-02
5.720044807173808171e-02
1.130267596667829631e-03
-5.579629791485111318e-02
-1.433095735235792763e-02
2.811751573122005590e-02
-3.563002716752643184e-02
-2.059624876554122606e-03
-9.819004286631733205e-03
7.908112011227905885e-03
1.830838751153321398e-02
-8.820614735427240866e-03
2.007062446280272888e-02
-2.073020466444152471e-04
-3.759139884420062677e-05
7.289776343649145840e-02
-1.059807198915486103e-02
1.437586328952752653e-03
1.974600915816208946e-02
6.542879269647922102e-02
1.565939878475117175e-02
-9.613758149793951574e-03
-2.408745941848862426e-02
-1.598165493675832854e-02
-4.447253036402562532e-02
-3.179916813711790302e-02
-2.224341537844163469e-02
-7.747213246291545508e-02
2.228620447292738518e-02
1.621637599918448677e-02
2.381396687072478372e-03
-2.658622428259892895e-02
8.257034511207907504e-03
4.788486771744865367e-02
1.535797465595918621e-02
7.699201983903126642e-03
6.472767105470307591e-02
1.442273946369294346e-01
-5.534931553456626761e-03
8.223821232383513036e-02
-2.959153366520152900e-02
7.880868292842705888e-03
-1.263125661530861699e-01
-1.321113137126549431e-01
-1.361686285749836743e-03
-1.655230573384581794e-01
2.288696463676909154e-02
-9.698012622420947026e-03
7.503414342150885319e-02
1.190712908354151361e-01
2.112141485243348646e-03
9.152504398876359915e-02
-1.598461941996154670e-02
9.103645471309098139e-03
