-3.330403555275410904e-02
-3.126330604561498860e-02
3.049312323296466953e-01
1.976486187687430396e-01
-5.377067251991129483e-03
2.470480093177036540e-01
7.011209149811270525e-02
-2.365468984115167914e-02
-5.385269918440164019e-03
-1.516004903048009597e-02
1.525513348670928457e-02
2.440084622525171554e-01
-1.014159551444944289e-02
-1.148444415055154856e-02
-1.765275594620346888e-02
5.242221722323567312e-03
5.283800522329844263e-03
8.802036746625567509e-02
1.300705065012653511e-02
-1.137784185749916160e-02
9.933608136311966944e-04
8.740384995304592564e-03
1.855938083415167167e-02
3.913299924204245023e-02
3.117811304143147146e-03
-6.225100219434441008e-03
3.400703195296324310e-02
-1.068014756908046772e-02
5.413181795835234067e-03
7.098537809513073837e-02
1.107530536981726765e-02
-1.619898387298784339e-04
8.055672908445443703e-03
1.221771039403218720e-03
1.428514486309414265e-02
3.831293812908528190e-02
-1.638018872680158111e-02
-8.090948890131561058e-03
-1.712595202873982286e-02
-2.324636392917322006e-02
1.553706401098945214e-02
2.107729940119782569e-02
1.424998615550649925e-02
4.645846224605487337e-03
1.467840959551719969e-02
1.572917278982765774e-02
1.004724762275994998e-02
5.246500356364535572e-02
-6.574711947077458568e-03
6.786425986063544628e-03
1.865285049024063141e-02
-1.040677126806848450e-02
5.428721917585258711e-03
2.952081942260911113e-02
8.955459730914126781e-03
5.657275388580926788e-03
-6.375273132148379790e-03
-8.778049057469429831e-03
1.029984298420648543e-02
3.053533868275953942e-03
-6.425274668034258903e-03
5.799460858181670030e-03
-2.808151780209885030e-03
1.875314353961741098e-03
1.792507434703387260e-03
3.181865518263041204e-02
2.268666831965154233e-03
1.322897912271612034e-02
-2.540604023980323062e-03
-4.410808279473326862e-03
-3.428526292072651104e-04
3.424652073376761169e-02
-1.626823123091245373e-04
3.818764968805507705e-03
-2.430649541667682066e-03
-3.771428195640544843e-03
7.048839885313456545e-04
6.727297029953976937e-03
-4.375574589279273294e-04
7.693630423364174360e-03
1.296810391791915727e-02
-5.802779639272836153e-03
-5.773711041975787593e-04
6.755250347110094110e-03
1.391113243264517499e-03
1.788961286060981046e-03
1.775599137888002766e-03
-6.692585711581414479e-03
2.055179815591795349e-03
1.866037035050431558e-02
-5.658137783739062079e-04
8.114797871406153815e-03
-1.346494657243146181e-02
5.311216314277787285e-04
-5.292030587190146851e-03
1.846823275095377942e-02
8.056532007519951605e-03
1.678713360089065416e-03
8.705894556015072137e-04
-1.586225925418714017e-03
4.349855320500297870e-03
9.485879310713664012e-03
-4.545172573034286789e-03
2.623305026955450280e-03
7.179009705745610474e-03
-3.527005858045750061e-03
-4.218311498599258864e-03
7.062703986138626523e-03
1.201031730360823530e-02
4.801659297226547850e-03
-2.492213323415425150e-03
-1.323997639298065895e-02
4.758513497820196329e-03
1.199983906232785467e-02
-1.889608597858803696e-02
-1.557075184788854570e-03
-6.315560679189496755e-03
1.281186313768582481e-04
1.838479509726871890e-03
5.757999945375043629e-03
1.339397607069828418e-02
1.161267701003992382e-02
-1.473141776185852214e-03
-2.632960448278309166e-03
-5.641608559673762409e-03
9.758763093258010848e-03
-1.039684382380343238e-03
2.479310876513618825e-03
3.572649079282059006e-03
-2.210904279857465841e-03
1.010160150930414832e-03
2.332723629562270112e-02
3.266103585970395705e-03
2.255807147682578704e-03
-5.355018924116173792e-03
-1.118233425315922833e-03
2.806998543077267837e-03
2.208008014710595174e-03
1.123150881045181749e-03
2.383938585086177800e-03
-4.933855093886042181e-03
-6.882414500878268442e-03
2.143898808947820606e-03
-9.912130359529447779e-03
9.872998378980086046e-03
1.136961369727644382e-02
9.058108696130036039e-03
-3.242693815783422202e-03
1.581863247297398680e-03
3.322989014581477496e-02
-1.268989296464828956e-02
-2.908489513212934603e-03
-1.368846181843707925e-02
-1.844637964501924174e-02
