3.909406186669688033e-02
-1.652789180827976198e-02
4.636928875890391488e-01
6.889803791586633641e-02
-1.052707168538427433e-02
3.298524396411308679e-01
-4.339371443800504012e-03
-1.164239988946823116e-02
-1.323795232099087352e-02
-1.980409513963072785e-02
1.211208770945023695e-02
2.225257768345214326e-01
-3.523263275090650782e-03
1.556950043300811375e-02
-1.702982871970963250e-02
2.379909173507891145e-03
3.217694747565704762e-03
8.021503876316526949e-02
7.976285720297928566e-03
2.432888358863723264e-03
1.730140128929829723e-03
-6.474502279733789119e-03
-1.024782209293239460e-02
1.044251345601689140e-01
6.498341735415373056e-03
1.801973085437884531e-03
5.073810288236988743e-03
-2.959611742805072564e-04
1.050541615660436669e-02
7.394172123146332265e-02
-6.318370987699044750e-04
5.346031571768676896e-03
-3.406308958272882305e-03
-5.767831770809989794e-03
-2.137090465920750415e-02
3.569635558187248675e-02
4.324774139131811954e-03
-1.203806285083547714e-02
1.182972381541657443e-03
-3.246752960579060189e-03
2.972990769425598936e-02
5.702757139815201742e-02
-1.713561850452980772e-03
-1.576359683591116705e-03
6.962311623576696896e-03
4.869954970090640753e-03
-5.783115297366008684e-03
4.379157129873503806e-02
1.500387807817042370e-03
-1.137017973968604918e-03
-4.966930782465287485e-03
-2.740469021543394824e-03
-1.488685308356661914e-02
2.911743712274099741e-02
2.551513915158029264e-03
7.571363846744501996e-03
-7.732405631474779072e-03
1.012938519101326713e-03
3.298653331238912689e-02
4.785722603987879742e-02
-3.678558989662037391e-03
-2.196181078432977649e-02
1.486224552789839259e-03
1.605281286234675571e-03
-2.237318941065442185e-02
3.631272697783020920e-02
2.530385701320891998e-03
8.806759484114537462e-03
-6.519817742384557274e-03
-1.202289588329760392e-03
-8.213343104453265167e-03
2.213207675856251541e-02
4.453919290399344956e-03
-1.014126446806736144e-02
-2.623309291080581397e-03
-1.362157721963648928e-03
-7.141994250846704119e-03
4.037232446928143426e-02
3.738592782747881269e-04
-1.062481032110900760e-02
7.317672506786305521e-03
5.775267279746069786e-03
-4.107408403065683153e-03
3.283876127377467063e-02
-2.525159718468098728e-03
1.225062974110545551e-02
-4.036280167413631298e-03
-1.431428328176063362e-03
-3.262468139542831422e-03
1.943412902002175646e-02
5.096800242780712489e-03
-1.248080796135005166e-02
1.888376919414164364e-03
4.058414093382866315e-03
-1.784979816069752825e-02
3.363098111866467260e-02
-3.944509745917581731e-03
1.128816944154321586e-02
4.477532810417100828e-03
5.359602576681414196e-04
-1.089271274994471801e-02
2.537082827665809379e-02
2.710752920037735967e-03
-3.450372017297057611e-03
-9.306435946541477197e-03
1.209473434646025306e-03
3.973483785911675892e-03
1.848488085943663858e-02
-2.043768230246815164e-03
1.493317220471528865e-04
1.467417245950643689e-03
5.502245432027722281e-05
-1.109296886631669365e-02
3.147711553184905781e-02
-4.506182777258993673e-04
9.459241065252175368e-03
2.777501688717548631e-03
2.998910770392528014e-03
-2.689700212985533562e-04
1.978792034589245755e-02
-9.176724610240767892e-04
-3.170747427121381901e-03
-3.837440625254825467e-03
2.186990597504794107e-03
-4.725994878620288359e-03
1.514563104756072240e-02
1.940408818327067587e-03
2.697195640422821433e-03
5.044465041235964876e-03
2.870953158871847842e-03
-1.784512774454173611e-02
3.070698986034111830e-02
-5.216714729966016569e-04
1.826016262620463321e-02
8.534354957603286669e-04
2.923331305392125583e-03
2.842669112939868320e-03
2.465173661232872987e-02
-1.598862840086708254e-03
-9.993372783903367931e-03
3.734426101380302048e-03
1.026671420489912471e-03
-1.072382680979240034e-02
-1.109921803229020881e-03
8.638394128837491434e-04
1.406992996666502072e-02
2.247813673691713941e-03
-6.367720717390611650e-04
1.055955001097464742e-02
4.464712812614769072e-02
-6.880634322165049251e-04
-4.425531588815751274e-03
1.362759125346743941e-02
7.328386236414296227e-03
