-4.069950044474959089e-02
-4.954891102903539318e-03
5.933274575477391899e-01
2.502902067911834671e-01
1.897406655011959955e-03
4.653965810541993431e-01
3.935513159061080485e-02
-2.348397171560581004e-02
7.650413752447486615e-02
-3.959586466701089241e-02
1.368382817190679814e-02
3.651837825092792977e-01
-3.869055135844313986e-02
2.887733370623824306e-02
3.738530546693904014e-03
1.654594084491129574e-02
-1.597812198661579045e-02
-1.337511233105683189e-03
3.656523744498378636e-02
-5.810568106558790767e-03
-8.686498958353450206e-02
-2.231962924227102324e-02
5.922283206261667009e-03
4.774128288890632649e-02
-3.011610966034713663e-02
-1.828385053792076081e-02
6.163703511746335822e-02
1.604632241943098128e-02
3.482436713167106485e-02
1.648213842362657444e-01
3.256923886986130834e-02
2.513116977796377854e-02
8.416694276520142459e-03
-2.566906652554782654e-03
-1.293260689179668438e-02
-1.190349649523698289e-02
-1.413317151600534949e-02
-2.647840141513588610e-02
-6.032642997962697762e-02
-1.509972374600880747e-02
2.687357004219691464e-03
1.543796116273627415e-02
1.394028523073584554e-02
9.788048910275150977e-03
6.333634332450258086e-02
3.012868356200783249e-02
-3.069258787734441274e-02
1.108773284820654959e-01
2.112307437280393652e-03
7.580367073235772229e-04
-6.260194710898544200e-03
-1.895444446305947009e-02
1.227444706361402113e-02
-2.243669619514924302e-02
-7.048752609836012560e-03
-1.028355429341929438e-02
-4.457970085506479663e-02
7.098208118152984740e-03
2.373023628775479052e-02
-1.049728788385875973e-02
1.188419662551631038e-04
7.537416930420971946e-03
4.386545217389070661e-02
-1.415106224641100342e-02
-1.181290344612288302e-02
7.235568615097748291e-02
6.010958771669578878e-05
-2.016306535365728833e-02
-1.596286113731662862e-02
2.997195877110309103e-03
1.260255351115973331e-02
1.614903986387498935e-02
1.481653491297955406e-02
8.130805721905991212e-03
-1.492427864263314551e-02
3.620256676517497486e-03
-1.480972241323654133e-02
-4.124036060007201659e-03
-2.204759742109166018e-02
9.912134472870743826e-03
2.436007442812514537e-02
-1.261287129343999225e-02
4.298264706114415627e-03
1.822472877607264619e-02
9.683249338971272602e-03
-1.714077065524441043e-02
-6.366312805880947751e-03
1.744525279372791116e-02
-1.444689803522157881e-02
3.444375695471735971e-02
-7.189844188831402694e-03
2.275568995399414318e-02
1.210556053973778010e-02
-1.182431392680437059e-02
-4.394023212355550184e-03
-1.333176751574995100e-02
1.808213349988106733e-02
-1.990033510746000434e-02
-2.615849205296739977e-02
1.219310190804123555e-02
2.042799296421294718e-03
-1.960456312790709657e-02
-8.649436032454773174e-03
1.225708973276268439e-02
6.911121589024179362e-04
-1.336767705882690484e-02
-6.762520410501528766e-03
8.504574130234897333e-02
-9.224624148808643204e-03
-3.925516978434232494e-03
3.585082370115637990e-02
2.120762597719846529e-02
1.917226154005663430e-02
-1.721009139456216794e-02
8.511321252036780846e-03
-2.599448542445099986e-02
-6.842778096434810886e-02
-2.466161486851825568e-02
-2.123492960716768033e-02
-3.869860550716808928e-02
-1.643589282320347426e-03
3.544486740249253032e-02
3.908466165699283484e-02
7.892251142816188864e-03
7.071148166116910348e-03
1.036555572738001446e-01
5.120978933692398993e-04
-2.334310347149722367e-02
3.355255544322186673e-02
4.772681970457041088e-03
-3.692470832203244139e-04
-7.550403258280777297e-02
2.294571732244949161e-03
2.927667910965313369e-02
-1.052621823015316149e-01
-4.970903677470310143e-04
-4.802463311667827701e-03
4.527148852072455931e-02
2.043641298229768421e-05
-2.691505728052295821e-02
1.278788882300117835e-01
7.371817891565972218e-03
2.343923709939160771e-03
5.110089964654925335e-03
-6.643598836575194226e-03
2.638463362765030434e-02
-8.883621514832941435e-02
-2.286858732540416467e-02
6.014144965021494919e-03
1.096546236170656274e-02
6.986331254035410034e-03
-1.662876577186309102e-02
2.904525078324443274e-02
1.577966058790935405e-02
