3.120881747372848333e-03 -7.228511618732970379e-02 2.297993800786515568e-03 -4.216928365977086479e-02 7.898017951812862092e-02 -7.835470088732865435e-03 -3.738335984418895280e-02
6.774712222300660613e-01 5.737162873683697949e-03 -8.261943306700245820e-03 9.238174951122434322e-03 4.807533231982339533e-02 -7.665690276774812448e-03 -3.158563024955048960e-03
9.141692765011628571e-03 5.207827671895869370e-01 3.649719397230538620e-02 1.976327196246902354e-02 6.772912443701224923e-03 8.209060787444670895e-03 -1.940105592645579875e-03
-1.261192951009880610e-02 -2.628586062416541844e-02 5.625637193886358078e-01 3.309884083674061866e-02 5.415945125617077638e-03 9.100690302714129626e-03 -3.288739435895636151e-03
2.965387393274444144e-03 2.046570734796172158e-02 5.708445852300700861e-03 2.887602303960531414e-01 9.182900772693064831e-03 -8.232637749581979067e-03 -5.489057079735098175e-03
-2.322765519235404572e-02 3.454485497535054322e-02 -1.071834356081873690e-02 1.478282252899500160e-02 4.433961474667498792e-01 6.246080704381193338e-03 2.130660584796047023e-03
6.241244904547535791e-03 2.727905211455830883e-02 -1.273821686865428404e-02 2.127254353081510507e-02 2.518551745875674541e-03 2.203284333469475165e-01 2.963849707126436136e-03
-2.023672191472740065e-02 -9.404908897178746244e-03 -2.828586380843200413e-03 -8.382002939635243850e-05 1.747308875482721235e-02 5.384274372606425406e-03 1.145358687186220498e-01
3.107709426107054806e-01 4.317257501922754787e-02 7.360242957104611624e-04 -1.270711169452292538e-02 2.635698196551370786e-03 2.230240148751214558e-03 -3.285586487575130939e-03
-8.132650510547513936e-03 2.782570047564092985e-01 -2.251716856938374561e-02 2.720547174660561257e-02 -1.293481720474798369e-02 -7.520921605249510089e-03 6.410258427907347852e-03
-1.631842503902078065e-02 -5.095804134028904080e-03 2.441085119232600242e-01 2.689340049220961121e-02 1.437676072059099718e-02 3.630179062649526605e-04 -4.129988373248262069e-04
1.492510540811304871e-03 4.743338147708361929e-02 -1.817847514095882440e-03 2.033277019949548403e-01 8.817800260345691823e-03 -7.556859240655056185e-04 2.006006646475056061e-03
-3.844200734726586736e-03 9.273415693041617280e-03 -3.717440042206719263e-03 3.293930251393686719e-03 6.954976606579606202e-02 -1.824095143291649349e-03 -6.820187534692408312e-04
-6.048097237203701668e-03 4.389221114717652139e-02 3.315958641247995602e-04 4.261938333363882343e-03 1.214043454042200258e-02 1.007613724512334691e-01 -1.132195125944264469e-03
-4.556862224652134634e-03 1.413229784427285718e-03 4.751026643226002183e-03 -5.324599125879981958e-03 5.023569826327672384e-03 1.557285770545967360e-03 4.813072953492839035e-02
4.899276766174362474e-01 1.488738314296657837e-02 -1.282078684173244137e-02 1.000212948973833865e-02 2.930725901559768504e-02 -5.693246322690294521e-03 -6.308541167405457527e-04
6.273124548507774505e-03 3.878082616470721056e-01 2.362818122929818271e-02 1.063007803072091480e-02 5.933366414469816788e-03 1.998442485348993648e-03 -1.431764152581495916e-03
-2.767575263580291257e-03 -2.893861075950187114e-02 4.325420027228325526e-01 2.201934477443989041e-02 -7.492222757484618204e-03 8.011559732535158962e-03 3.574645484402499116e-04
4.416404890200821554e-03 1.085130841481767548e-02 6.868206123028551720e-03 2.328944184180565258e-01 5.969520879109477783e-03 -8.841212642102337649e-03 -1.409420461776596982e-03
-1.350129977436918642e-02 3.099568458016642783e-02 -1.411404152559205330e-02 1.019230435663812454e-02 3.174850499809084292e-01 3.724433755575531479e-03 -3.788266091402568659e-04
5.031805511977896148e-03 2.423646734560074359e-02 -3.483273570704373788e-03 -6.111881708092990056e-03 -6.770623077969687049e-03 1.637142688595611406e-01 2.556772820515221863e-03
-1.290267863216839131e-02 -6.706264851077065568e-03 -6.104456181744299806e-04 8.821924886717115617e-04 4.277357913224719664e-03 -1.189874500793843161e-04 8.615010772618410251e-02
5.980777910914714807e-02 -8.004075961863439670e-02 1.942506517223005144e-02 6.765878681940343253e-02 3.199972275325644374e-03 6.700351531253418921e-05 -2.008322375976238916e-02
4.868418480026788508e-03 1.421334574641930359e-01 3.159818017195739626e-02 -2.526859802724107720e-02 2.955261881100813143e-02 1.464370645430604356e-02 -2.103918602235886788e-03
9.766544783517721456e-03 4.116338333408267602e-02 6.539961534506652518e-02 -9.083710701413159894e-02 3.100816773620464206e-02 -6.994283932123702453e-03 -8.264466739963836558e-03
1.261075635450459656e-02 -2.137183171812848115e-02 2.444209288129236320e-03 5.532701252317486634e-02 2.808850761292834217e-02 1.279070734547496169e-03 9.060407566884157160e-03
3.936748222019662317e-04 6.799245195734347769e-03 -2.055906431640294827e-03 7.172147737235447414e-03 -1.255998364266486429e-02 -8.845030014483810238e-03 1.545827538191922070e-03
-2.265669905503470832e-02 4.269761049889683746e-02 -1.156394096877941258e-02 -2.825202617945939132e-02 -1.674701470705230988e-04 1.463741179059242781e-02 -5.993578008666035177e-03
-1.389707963959851186e-03 -1.117948342258199938e-02 6.398097949206129655e-03 -6.219074536324841092e-04 1.818953722230630008e-03 4.595043492459070962e-03 -9.755356319364664902e-06
1.917694230047821413e-02 2.585667970881438266e-02 -9.139178219348120802e-03 4.119711030851208600e-02 1.897887654945617023e-02 -4.324016293724642669e-03 4.843023078250532042e-03
9.803962208323744806e-03 2.241643633606829611e-02 9.200730400379162829e-03 4.129837530339732117e-03 -1.609110234901704392e-02 -5.030794324160227197e-03 8.217204671873173287e-04
-1.061266982768573498e-03 1.504916227829426571e-02 2.899052629209050366e-02 -2.298408151188587739e-02 9.513926550795356180e-03 -8.484298790587015485e-03 -3.177484375080790488e-04
4.397973306094001174e-04 -1.815096061444473538e-02 -7.757438196233985839e-03 -1.190234718555418549e-02 1.419662671071829189e-02 8.073365609291194636e-03 -2.825710837616944278e-04
-6.267004041084158275e-03 -1.221666275760347614e-02 -4.269107488675748588e-03 3.786255979224839585e-02 4.657367695073777979e-03 6.170037498066647565e-04 3.898528156437999336e-03
5.397099565340768811e-03 -4.927412120682788353e-04 1.529051886601321027e-03 -1.161114225750672566e-02 -1.359550692444963342e-02 -1.338751070519786195e-02 2.544168637256179113e-03
-2.031739241224769441e-02 3.530364200472047714e-02 -7.405656289915609793e-03 1.689191275116801866e-02 2.657678022123761280e-03 1.011186473162970986e-02 7.058068806591689948e-03
-3.861237151566984660e-02 3.343545615561757667e-02 3.475113468998369814e-03 -1.008843931635475810e-01 -2.830888492418058913e-02 9.880478202042282040e-03 -2.501599075395028078e-03
-2.117422544521362342e-03 -1.724048124570225562e-02 -5.086024039569023852e-02 3.199994931216225413e-02 -3.611865919673982323e-02 -9.482260819372740832e-03 3.934321879712127101e-03
-2.243419704620229493e-02 -1.919756230283471221e-03 -5.112358796358747182e-02 3.875663094632634392e-02 -1.713170078736948876e-02 1.536477308387068988e-02 1.269455663604348444e-02
1.306060930450537311e-02 1.454530571409434238e-02 1.426639340827398628e-02 -4.388550100501127649e-02 -2.424277100753694653e-02 -1.333884403757190293e-02 -8.884952396090350837e-04
-1.025381915332578692e-02 -7.897652048560844379e-03 3.305076092187314747e-03 4.706911998596247787e-02 2.370854436960154188e-03 -1.021571575202692185e-02 -8.293032240106090053e-03
1.036042793695315760e-02 2.498799470202361928e-02 6.227788471678251956e-04 -4.574120539788518666e-03 -3.064652473051948309e-02 -3.312571500559000071e-02 1.974728869609390647e-02
1.124157256851606411e-02 -2.144260571781048813e-02 -4.713814715334833233e-03 4.749734468298816986e-02 -5.129534000225395921e-03 2.148346636636485132e-02 -2.788849418304048446e-03
3.146740762042934958e-01 4.318457625558882323e-02 -1.334801802236357422e-02 8.411793236372340846e-03 -2.909671094490059833e-03 -3.678330994103998393e-03 3.174586760791177093e-03
1.477825722952842659e-03 2.990360531821704138e-01 3.957472902564763452e-03 -1.006397692689211913e-02 9.116471470337127875e-03 -9.662034078392400110e-03 -4.352918924398388564e-04
2.162303079564583189e-02 -4.503717652823573114e-02 3.423264949433913462e-01 4.147119961217251086e-03 -3.554844965670666407e-02 9.394645951823677246e-03 5.988121086612173058e-03
7.634830612319398746e-03 -9.405871323564069311e-03 1.378145137580620572e-02 2.325879728451005768e-01 4.389482235925749529e-03 -1.503092655527714545e-02 7.023571634864589873e-03
5.275758036579522147e-04 3.879927529732861424e-02 -6.545398441162721820e-03 -4.743576694727344445e-03 2.030328371800411424e-01 1.079901871747661118e-03 -4.915555872722233294e-03
5.245351302164724975e-04 2.354366559667568637e-02 1.438097366436570483e-02 -4.516165322865701298e-02 -1.216233559703365844e-02 1.148450567387627463e-01 7.842813163774899152e-04
2.608355522980764299e-03 6.641015589871989908e-03 1.039213132123177792e-02 1.047313304220480207e-03 -1.226428714240955509e-02 -1.028706984276776121e-02 5.778825544694249361e-02
-9.604616525266090887e-03 6.226913747165864488e-02 1.021779920599183607e-02 -1.153000126511130076e-03 -1.953565017312105731e-02 1.487924318371591087e-02 2.728305413043687240e-03
-2.654303425222189275e-02 3.598579654414076068e-02 2.367256039604151430e-02 1.082297058451290456e-02 -1.568771204307096295e-02 -6.159317351853437102e-03 -7.381105878599155019e-03
4.406342475455824609e-03 1.768214905401540096e-02 -3.034368411999614767e-02 1.761015230364773240e-02 -1.889291067771829008e-02 1.834526443100069348e-02 4.257284580194750818e-03
-1.375347756555377748e-02 1.504720983357894955e-02 4.144740537199998083e-03 8.988382157965412941e-03 2.999393850791039987e-03 -9.169182482680603499e-03 -3.351482949732731073e-03
7.762712517436012177e-03 5.179834435280077955e-03 -1.654322792741635311e-03 9.552313602424455583e-03 4.637524590562761202e-04 3.531392604814303192e-03 -1.646746509047038610e-03
1.416255456490255783e-02 -3.201892491885439951e-02 -7.990317525739382837e-03 -2.259006495041965268e-02 2.998055381765079436e-02 2.034567142701067255e-02 -3.049975365450211667e-03
-2.877003922908528619e-03 3.414577735363253058e-04 1.115658438467327651e-02 1.845067061377164697e-02 -2.113364539156989061e-02 1.361806217129322462e-03 -1.003236498049797816e-02
-3.020660060030808114e-03 3.549118609273516078e-02 -5.774247517253305005e-03 3.722193354679573848e-03 1.966655289322567432e-02 -5.588104790063881493e-03 1.011489662168027839e-02
1.124443124908766981e-02 2.224639344137216077e-02 1.902076443343556425e-02 -2.062665365543224093e-04 -1.799362711771669218e-02 -7.542613337022449974e-03 2.485096424281713502e-03
1.041070231141857060e-02 1.579279567368332277e-02 -1.307117499735347506e-03 -3.448974641874320152e-02 2.957334347467990496e-02 -7.193679788931312338e-03 -8.084830590052927840e-03
-6.532126043031892364e-03 -2.564241021032066109e-02 -2.098018252200797677e-03 -2.190917352727167131e-02 2.769970299572300024e-02 9.069811360766075539e-03 1.341605635591131863e-03
-1.858075850741605986e-02 -2.567404781481308351e-02 1.014394354974002856e-02 3.950043970306453545e-02 -2.488799496482355447e-02 3.983758598432763525e-04 7.871286804341761506e-03
4.187527035037625495e-03 -9.955945582136449187e-03 -4.868014012967711475e-03 1.061950653778430918e-02 1.067936931684047202e-03 -1.817060096154196960e-02 1.297671804741192111e-03
-2.599696080830426678e-02 5.996257438783587218e-02 -1.420248572846581625e-02 1.405792526400565477e-02 -4.578584444264960883e-03 4.351590753073861749e-03 -2.697377449526866620e-03
5.527695952727262191e-02 -2.359798882746648799e-02 1.291053539175726454e-02 4.233361620840443013e-02 4.224125777343421852e-03 -5.851200382926475228e-03 9.481083039087687256e-04
7.267531298996312769e-03 2.820853598643702220e-03 5.912499145641368636e-03 -4.343409946745689990e-03 -2.664396521421039110e-02 1.831601854881015345e-02 7.201464788006955997e-03
3.764605285258305206e-02 -1.457725219071786529e-03 2.206234964054372416e-02 -3.926890164610188048e-03 3.646200492138710041e-03 3.805337056309125547e-03 -1.201871114299131113e-02
-1.126951060330900513e-02 -4.518528935301171362e-02 1.555498271513157046e-02 -8.729487227193042070e-05 1.043434036979874746e-02 7.750875197700849567e-03 -4.217793006930398159e-03
-1.022340918194384468e-02 2.719203050807254135e-03 2.203937461884241788e-03 -1.774884261583491163e-02 -1.079382847310483493e-02 4.572256966777468214e-03 3.879796274077266984e-03
-2.296827641340047025e-03 -3.460539300158567422e-02 9.101238812777804471e-03 3.451685720830021536e-02 -3.026726323992226693e-03 1.192477586251767391e-02 -7.397226918222496103e-03
1.251443253659065453e-02 -1.002770472406387062e-03 -8.349604979378734415e-03 -5.924139920197939689e-04 7.237724126427706912e-03 2.032019279169722855e-03 1.101166570284440758e-03
2.938865720712243931e-02 3.206696959510124678e-02 1.563647661623547222e-02 -2.125278864002913201e-02 -3.060844137070787771e-02 1.185820134664570050e-03 9.447596068609196286e-05
-3.208214418287223466e-03 8.820525973459156233e-02 -1.758489345298119844e-02 -2.573039914211103230e-02 1.224019231215849740e-02 -4.877276203752434897e-03 2.409779455519161367e-03
2.044783129820509915e-02 -1.472242962165105050e-02 4.038864232923480846e-02 -1.057572129087627245e-02 -2.102797149823045636e-02 4.195906912873046367e-03 -1.013760852134923222e-03
1.643232989625329930e-03 -6.503549164160503729e-03 8.439380728542146548e-03 9.743467578165156129e-02 -3.852717694725815364e-04 -8.663457390454692292e-03 6.225596451082530611e-03
1.525137208881364483e-02 1.065455950643031356e-02 3.413320790508055091e-02 -3.093360099364886664e-02 6.110651256485003652e-02 9.511675344215433101e-04 9.602837043621471208e-05
-4.443045577396476618e-03 3.470606534748946204e-02 1.249378029545619544e-02 -2.253279632462185100e-02 3.255686984615189551e-03 3.650539209996100237e-02 -1.402793524739907828e-03
1.658268594406595020e-02 2.882773148736263516e-02 2.260643330511508814e-02 1.175543144322180973e-03 -3.509404747218820820e-04 -2.756405565061643154e-05 1.264964345648347550e-03
1.648326467614142851e-02 -3.048846684920419013e-03 -1.250577356808149687e-05 -3.629696190742585753e-03 7.606677389603018306e-03 -9.600053390528351729e-04 2.632769433742232316e-03
-1.480726117499188074e-02 9.724553662405807652e-03 2.367894550640823898e-03 -3.066327985862699404e-02 9.659978713411896886e-03 1.954233687776135716e-05 -4.764688951313328022e-03
1.117547897510723365e-02 -7.117892258581186293e-02 2.673037935147698149e-02 2.177668406834323400e-03 -1.082542804874750061e-02 -1.504693013101809224e-02 -2.672841255325639990e-03
1.816465047708555255e-02 1.342427755296610181e-02 4.474357398898718731e-03 2.449833806882042997e-02 -2.625540230509249267e-03 7.526446817751078662e-03 1.369263649156289824e-03
-1.707159141510305404e-03 -3.596691996590747377e-03 5.538108697023925477e-03 -6.448372878128094503e-03 -2.630361190350504787e-03 -2.807318314697648635e-03 4.617758919870602668e-04
6.571673504551256775e-03 1.044662163878364025e-02 -1.023319904579107591e-02 -2.785239728206760634e-03 -3.113303515641366315e-02 -4.941011288076922921e-03 1.093855259403433760e-03
-4.502168532972331168e-03 -6.417877270633357521e-04 -5.882179413161112494e-03 -1.003592726228314490e-02 2.632170817793293236e-03 -1.050789925074836718e-03 4.835373146846364510e-03
-1.469010308487438826e-02 1.659699896580405561e-03 -1.024898269141493378e-03 -7.223771473532328291e-02 -9.283741377715520188e-03 3.219800364080359269e-03 5.730157344209678601e-03
-7.588359035543845894e-03 -1.760252691880307210e-02 6.939812234759559946e-03 -1.112139484005003967e-02 1.375788518415174862e-02 -8.297050763089149419e-04 3.633056295145653970e-03
1.277099490535892577e-02 -1.734080555378313907e-03 -4.437034373361656292e-02 6.228212380028945276e-03 1.665156948614978857e-02 3.014587158375822435e-04 -1.019701917482489228e-02
-1.097341412902702422e-02 1.848852866494199790e-02 2.581211821692365460e-02 8.571846634844814891e-03 2.042633222213180444e-03 -9.934162109014604489e-03 5.755008639560744467e-03
1.812783887245984250e-03 -2.893920710362280629e-02 1.622136023007545239e-02 -6.210891269453166878e-03 -1.704218449059996879e-02 -1.114112979559067629e-02 2.402575339367588828e-03
-2.629802677968435826e-03 7.297895563973390981e-03 -1.247787087608885105e-02 3.438829574834343771e-03 1.259005944582001178e-02 1.604470139488994862e-02 -1.203174745366534766e-03
1.282666484533962229e-03 -9.068974087112805296e-03 -2.720653097328635346e-04 -1.078508306455331495e-02 -1.363862496487700665e-02 -1.552287972412895282e-02 -5.796756593316109048e-03
-6.502528515666580744e-02 -5.779796387257379181e-03 7.561761309920585032e-03 -3.325088739098192026e-02 -1.579300384944730754e-02 -8.422361222713820430e-04 4.334467553646100153e-03
-1.655420302435652719e-02 5.103477804160164166e-02 -2.913906736275162761e-03 2.030982791342961571e-02 2.664945145364288823e-02 1.091674079219846338e-03 -1.431620286018924111e-02
7.046027177886494443e-03 1.901669610722710527e-02 -2.220606634758550899e-02 -1.814040073654235238e-02 -4.004423185550502751e-02 8.448896197896311328e-03 6.962940021063017577e-03
-1.106747752692619456e-02 -6.567930424496245048e-03 -9.373301431283169449e-03 -1.438368489459197546e-03 -1.679737165572189883e-02 6.710933099149088768e-03 3.019320944314064694e-03
8.912953590609144208e-04 2.497517465796945946e-02 -1.048147244428533457e-02 -8.715227103004232617e-03 -1.562376828132997462e-02 7.343532922306463678e-03 -2.450993327351876343e-03
-1.754311924192222122e-02 9.901387536670613540e-03 1.060646887354556962e-03 -4.950718167351329628e-03 1.735795583839155193e-02 -5.016926691166838717e-03 -8.969566811639869460e-04
-6.855440112418382734e-03 -1.041339545250959120e-02 2.389446903368591234e-03 9.193807054824381167e-03 -1.272275184882908430e-02 -1.661521591195732131e-03 -3.865295823253460990e-03
8.940425302456930789e-02 1.036945236836443957e-03 1.119902542346178477e-03 -2.778297217200363656e-02 -7.055926347256937306e-03 3.564291064454031227e-04 -7.102430130481808589e-04
7.158285729366602179e-03 6.042681029241704638e-02 -1.061591864650012276e-02 1.569998625107471612e-03 1.323296485689531496e-02 4.498888497902339516e-03 3.646400351116060867e-03
-8.443767918325082236e-03 9.970353640560683864e-03 3.748225808143355181e-02 1.445379719388430011e-02 -2.514312804140825860e-03 6.952840273863646232e-03 -4.765691969841157755e-03
9.570441123866015379e-03 4.114640934838605796e-02 -1.404669921155764917e-02 2.882186290588143948e-02 -1.514686361949091516e-02 9.033708081269447221e-04 -2.221835204281942186e-03
9.429273426865185728e-03 -7.413002542940285745e-03 8.380016927700210602e-03 -1.488064374268213697e-02 1.162002102631841255e-01 3.879919120094178428e-03 5.299708728890861059e-03
-2.118663702027172736e-03 6.112188459759747283e-02 -1.271220205142513642e-03 -1.305220349219292711e-02 -1.635193395662467089e-02 5.042108978904711464e-02 3.652742079535449028e-03
-2.415747788360544154e-03 1.540488961360615000e-02 4.016323601100910828e-03 5.390790404255479257e-03 -4.814386845017200670e-03 1.152789101076057143e-02 2.353184114575696678e-02
4.016658706742550974e-03 -1.295197483229439117e-02 -9.223944836653683380e-03 6.404577967555522520e-03 4.209482903004349314e-04 -3.131389114018647436e-03 -1.085135681159930419e-03
8.065410833090145767e-03 -6.069141923514461204e-03 1.910438249938221922e-02 1.807655946313056067e-02 6.277758844147849314e-03 -2.317816426440525140e-03 -2.387284657237360389e-03
-1.989936558042326026e-02 1.489417843942641290e-03 -2.319141963644157090e-02 -2.863140946447180826e-02 -3.185062010515726533e-03 -1.079801470315624795e-03 8.451854139691440454e-04
-4.400362289412791152e-03 -1.681514128184019227e-02 -1.636348737382247853e-03 -1.193784074333276504e-02 6.834966227267587173e-03 -9.512408506349557744e-03 3.135167223990899515e-03
6.830502594743999073e-04 4.419209903701634690e-03 1.013053760193452675e-02 6.020118725502046977e-03 1.131390853656220191e-02 -5.791681799905671777e-04 7.431481945720968315e-04
3.506705587923939285e-03 -3.132667151684423446e-02 4.935371584389667762e-03 -2.197678892833717854e-02 -2.271419425209440443e-02 -3.983392126892540408e-03 7.374399411371510872e-03
-3.486529451129290972e-03 -2.482767897477732629e-03 1.460210438916583397e-03 -1.799223098666618463e-03 1.527933817707857744e-02 3.326627935297603550e-04 8.716084743438269958e-03
2.161354987963007290e-02 1.389781642968251213e-02 -8.908349344312971665e-03 6.724394673173158567e-03 -6.756256238988126578e-03 7.144268447610097918e-03 -2.675240037975457584e-03
-1.067953156569368886e-02 -1.101822042445376555e-03 -7.454331008870990552e-03 -1.775804232654849997e-03 5.165104434608268867e-03 4.629327973355102169e-03 1.515336428818558727e-03
-3.421109148028430962e-03 7.526011670680068759e-03 1.818476069835982603e-02 1.427088724826170926e-02 -1.041441265358947210e-02 -5.141550808113073794e-03 2.870997681345415550e-03
4.569786103843860212e-04 2.280985000753417771e-02 1.393655001887525099e-02 2.373411558506624205e-02 -1.561327954023082262e-02 -1.158097652098026738e-02 1.959810350858872535e-03
1.605227627058504122e-02 -4.008332788754574716e-02 -1.019515860961694304e-02 1.502253587936731513e-02 3.332457521953456625e-02 -1.380667457348210871e-02 -8.863297265793270222e-04
-1.011838842304482733e-02 1.405294735917882176e-02 -5.659439416055222008e-03 -1.230280752773855492e-02 -2.964628309301246042e-03 -1.291698805892757020e-03 5.987755619305844875e-04
-4.125821899605162935e-03 -5.430215167784769453e-02 1.830195741054899128e-02 1.146483611222887848e-03 -5.138955555815907144e-04 -5.042704517892245865e-03 9.879474587177436082e-03
3.216310799307537521e-02 -1.855471368536242699e-02 5.763274003470890763e-03 8.910176285375850241e-03 8.954643427577705858e-03 7.321587810350389499e-04 -2.867865442580637761e-03
3.826060287176818835e-03 2.779664324572412096e-02 -3.918124058586587230e-03 -1.834005730263591968e-02 2.084152839210410071e-02 2.776896980415810220e-03 2.797960299263617303e-03
-4.007482137983749138e-03 9.786091732302220833e-03 7.351208088569156918e-03 -1.876620587423815864e-02 1.505904692180911122e-02 -9.545915909339338506e-03 -5.494203854041176450e-05
-5.087006354510400889e-03 1.312247262924714185e-02 1.822248688765865099e-02 4.112655380780679340e-03 1.366734722818476779e-02 -4.405916446759252161e-03 -1.102205230816166379e-02
-7.640154079990846107e-03 -7.078819129896808671e-03 6.308350449784945295e-03 1.840057376728228972e-02 -1.825570266238826875e-03 1.054299218281859029e-03 8.435902041969640984e-04
1.323835547631069427e-02 -2.841591497450994108e-03 -6.552826579226953170e-03 -2.260430812222715552e-02 -9.515444805117564270e-03 -7.601547567594861901e-03 1.805517709101469139e-03
8.054026935629839817e-03 1.777112142579066051e-02 4.336332809856340877e-03 -1.225204455243065517e-02 2.284000095695390073e-02 1.231334983388804793e-03 3.819287866956741842e-03
7.708562991930344166e-02 4.961378432267324161e-03 -1.990336743897637168e-03 3.560605584137970740e-03 1.276699085766398734e-02 -2.680609788723391316e-03 5.386933814627303113e-03
1.080555353064367903e-02 3.986128428175026578e-02 2.624997929735468742e-03 2.704840008753368885e-02 3.494273283758524487e-03 -7.869184654751245830e-03 1.809407204345787109e-03
7.408807238371631354e-03 6.389333440441415622e-03 1.029368844601300792e-01 1.445794471936085422e-02 -9.980403533132708657e-03 1.568437011106491030e-02 4.356901926757046802e-03
2.485217503680292594e-02 2.423590387179495528e-02 -2.767106549848729821e-02 1.385042057362977433e-02 -7.809878187299182373e-03 1.195101682150703391e-03 -1.102479443135555499e-04
-1.167394408351031185e-02 1.579959676783585995e-02 -1.467631845131185664e-02 1.913114157072457258e-02 2.033306245337535012e-02 2.909796774616080998e-03 -1.554790440419399856e-03
-1.281718770895828169e-02 8.362385322423044817e-03 1.206995087615378610e-02 2.412099137154801636e-04 -1.702049312491196731e-02 1.235976943575135822e-02 2.686888896093048412e-03
-2.255767468574572041e-03 1.205444842508308911e-02 -1.937915405291748897e-02 -6.977759229219993725e-03 -6.034267094602824982e-03 -1.032788015964685932e-02 1.154135165763999112e-02
-7.386984343312108861e-03 -9.288184152355117781e-03 1.242478676904808059e-02 2.714639752313692707e-03 -1.954179274824285883e-02 4.881594989163655016e-03 5.848413643579720772e-04
3.802696821089156243e-03 -1.072084057289017772e-03 1.464325047108992316e-03 -4.048790685298013677e-03 -9.537606672899287194e-03 8.696997389292285621e-03 3.246693732717240762e-03
2.014408523787735925e-02 8.320917205720758728e-03 1.591715014183229041e-02 1.426429367369246894e-02 1.348447088450202558e-02 -3.747625033946930424e-03 2.048550889436953452e-03
-1.901370573556944096e-02 -7.419554166311776063e-03 -1.514214015246379691e-02 1.340161818484813562e-02 -9.671298832376879276e-03 1.783843203153436365e-03 -1.989205096189864200e-03
3.277690383239817689e-03 -3.939293959383510964e-03 -7.057369884336806877e-03 -1.129401181565375251e-02 -6.979647951649028091e-03 -1.138147983394360271e-04 -1.075373560647763151e-03
8.447284772835829403e-03 -1.624873929115332877e-02 -6.800450542972580510e-03 6.357695405310442339e-03 8.871263411460881751e-03 1.069518603516389325e-02 6.621446611294844187e-03
1.238783297052799487e-03 -1.045335235378747757e-02 4.767876689757318529e-04 1.003227537600145589e-02 -1.013827664419737068e-02 -2.513391705785385666e-03 -4.491968075075981719e-03
-2.281644503274946403e-02 4.808872376895054895e-02 3.572039024852338446e-04 3.009000510579588547e-02 3.857721091098220700e-03 1.505714569707820210e-03 -3.379380597414528408e-03
3.199925830255039363e-03 3.714753870679980696e-02 4.291737355907342122e-03 4.892229579029980756e-03 -2.372167855847168855e-02 6.893700846644367462e-03 -2.936347603238448952e-03
-6.481857893734562642e-03 3.894020343651046628e-03 1.591201787374457374e-02 -2.176580457883638478e-02 1.264572202641882533e-02 5.983490343117139031e-03 2.817408426947700696e-03
5.729767939636482964e-04 -2.589891578322419188e-02 -2.997730085605291792e-02 -1.423798050466847445e-02 1.702914475197663674e-02 6.492039964497191978e-03 -9.498589341826235710e-03
-9.755329790948171625e-03 -3.685078580412068372e-02 -2.165875340285964082e-02 2.896249928430099513e-02 -9.680530029067708217e-04 1.121252572802137332e-02 4.098266234591431065e-03
-1.307165328400008465e-02 1.075813427589021598e-02 2.721409033098110778e-03 1.319272189021807214e-02 -2.143506912381999349e-02 -9.595321319078286768e-03 2.445089190773323037e-03
-1.991174697570818886e-02 3.429272837100425571e-03 7.935498184822156742e-03 1.187065387143424258e-02 2.543711606908777290e-03 4.814641912078903435e-03 -5.711033243050122471e-03
-4.565300066110119549e-03 1.146662957434031112e-05 -1.493654950938660140e-04 -2.406198042587491190e-02 -2.077785938539348717e-02 2.939346499559364594e-03 3.151521671534844669e-03
5.860369861377084065e-03 -1.902087684462355505e-03 -4.201779173633251110e-03 1.837871348327310065e-04 7.360238357012145391e-03 -1.096415771481116293e-03 -2.367158673042526942e-03
2.220949613965842850e-03 3.810119211003173967e-02 1.952731910073846880e-03 -5.355215321827396305e-03 -9.085643911770201891e-03 4.862491007838639495e-03 8.674623920640121659e-04
-1.540057950555675549e-02 1.603716500464023864e-02 2.545376614004523676e-03 -1.215978453869388277e-02 -5.857381593017365294e-03 2.944774665153949110e-03 6.521541772697143739e-03
-1.606536725492122746e-03 1.065060809901165889e-02 -4.406391084762935340e-03 -6.756453777001850819e-03 -1.289670158895844972e-02 -3.569757745833442540e-03 -8.903392980030956985e-04
1.987050289073282947e-02 -4.703841171191815163e-02 5.774611397780841059e-03 8.797304575575362259e-03 1.113979330285884547e-03 1.293013285336961499e-03 2.248181198921004806e-03
4.349395706217802811e-03 -4.173889027681351206e-03 -9.096543005519630663e-04 6.759576371350951504e-03 -1.796667281380441572e-02 1.175648338223848725e-03 -2.206205636905795176e-03
8.862958502441105335e-02 5.648810550491319832e-02 -1.649075853697046928e-02 -3.746840753070693891e-03 -7.332737086497829494e-03 -3.743842917628608779e-03 -3.820433133143671684e-03
-1.136410948005700527e-02 2.000021159956415495e-01 2.488572533035809595e-02 -2.611722174545582850e-02 -1.568244703494602304e-03 1.432882621569805080e-02 -3.413869615477818815e-03
5.135689973438093726e-03 1.904109589542014175e-02 7.946336976571559407e-02 -3.874550388809733584e-03 -1.601612285131881128e-02 -1.253828817815813134e-03 -1.965409750141958525e-03
-1.442771257024944714e-02 -9.678172963313790792e-04 4.528380049573358518e-02 1.187548808966660402e-01 2.228113199266169506e-02 4.259572151137920419e-03 2.789663708455821737e-03
1.381818817182620812e-02 -9.250263072834051178e-03 1.405786673757788985e-02 1.358772453473843173e-03 1.036247936197058628e-01 -1.526855701451365274e-02 3.098080052241339636e-04
4.510183341970106820e-03 -1.205889839819174192e-02 2.803321744488265418e-02 4.270364598629811971e-03 -1.048609671243150819e-02 6.526185699091288650e-02 1.227484106331840725e-03
5.107911132680483489e-03 9.210475877780613038e-03 1.923542104814559422e-02 1.569004734217014849e-02 3.313161483529958925e-03 -4.661342085334398144e-03 1.649971579390108190e-02
-7.658707253746645065e-04 -2.192805221011209435e-02 -5.331943014103192151e-03 -3.931446066605705225e-03 6.288727507058250454e-03 -6.107646254987553203e-03 -1.765301426538779276e-03
8.398725213591196059e-03 -1.725052520840448037e-02 -2.584024115674027951e-04 3.125050836331803167e-03 1.748393177892043539e-03 1.265113598475752186e-05 -4.265354068952545777e-03
-1.078608218001574949e-02 1.935826813385669231e-03 -5.426292527244569062e-04 -1.187669581936186616e-02 1.177855860106091085e-02 5.699951116021348754e-04 -2.359129389656392775e-04
3.763519452975664682e-03 6.386581398836629203e-03 1.132519833861152063e-02 -1.592131054684613059e-03 -3.249450467569059940e-03 -4.181676159517590491e-04 -1.072521975193876063e-03
-1.651103242015443504e-04 -1.400651515123565972e-04 5.002703210805124930e-03 4.354278166031393983e-03 4.996294295183056032e-03 1.961640131653894122e-03 -1.870126478089881924e-04
-6.135347562496196519e-03 1.734829397814606489e-02 9.167524723718289970e-03 4.670574679048688192e-03 -8.843705316393885366e-03 -9.118363248253017958e-03 -9.341592017931688377e-03
-4.238932484866271208e-03 2.539469153751614233e-03 5.975963187968341347e-03 1.122903133714884399e-02 5.076082013753439350e-03 4.474567450034798964e-03 1.415034558485304354e-03
2.168497955496311372e-02 -3.938582054877946825e-02 1.271811594841941104e-02 -4.013179993238209786e-02 1.243317455144964633e-02 -1.130206956439578844e-02 6.366518993969618248e-03
2.616343508359744024e-02 7.247713922737680781e-03 2.137569994334075660e-04 -2.102689656061449558e-02 7.210055089941541651e-02 -8.611173527673115016e-03 5.140557640180687567e-03
7.321456107275352287e-03 3.739347913275087310e-02 -1.593921398189657125e-03 4.062531776581304230e-04 -1.277534498209297043e-02 -3.899323072224335131e-03 1.564314175259516777e-03
1.575840676109058073e-03 5.694935871520610121e-02 -2.187853575365903552e-02 2.326655996138719470e-02 -2.711488639207373843e-04 -8.819810840564578855e-03 2.523441750782094012e-03
-1.420966589348861232e-03 2.271013293864675500e-02 -3.503037191178874025e-03 -1.428436297924418064e-02 6.176627999390351363e-03 -1.010060807846612993e-02 -9.053450516787778582e-03
-1.418361505069392833e-02 -2.570355014502746088e-02 3.925381382817751813e-03 9.883300449031148446e-03 7.675795973142100770e-03 -1.184751095267072216e-02 -3.351793872786440389e-03
1.502299701859147532e-02 -5.450246119968973728e-03 -2.629143816323319810e-02 -1.626638429473286490e-02 -2.177113011385171937e-03 -6.872262562588928210e-03 2.267885172987698685e-03
7.613449258448558993e-03 2.289876650209555185e-03 9.440800581206320111e-03 -1.655746557900666938e-02 -6.250612067703332532e-03 5.695834440957357747e-03 -7.163565495653263435e-03
-9.302062031560128907e-04 -2.296753088376113361e-02 -5.601898613992350139e-03 -1.595545225344273399e-02 2.556163586380414549e-02 -1.630084716320157404e-02 9.043517965471945929e-04
1.669359571626787692e-02 3.482286246501851718e-03 8.728880138995679175e-03 -1.069654252187617928e-02 5.267217677405908530e-03 -1.465840033773765927e-02 -2.762481836534380186e-03
1.132765237290351071e-02 3.487269339701257187e-02 -6.407009068922518702e-03 -1.940029687967634656e-02 -1.648816734096565997e-02 -4.676032288792282619e-04 -3.135661803856501853e-03
5.232550197322576556e-03 -1.441566351198774517e-03 3.539264908950263879e-03 7.154496556118362938e-03 -1.033426150259243205e-02 7.377460770017682176e-03 -2.718771823893124766e-03
-1.392520658456334118e-02 -6.101133591973641017e-03 8.371879987831929576e-04 1.908494509611056858e-03 1.219919939539496415e-02 -1.293835187282780901e-02 6.816622865105474716e-04
4.823681381843817652e-03 4.683837545214263542e-04 2.154534365082048843e-03 -2.278809912406358062e-03 2.955914518819821764e-03 1.850176078613702388e-03 -4.398761499970361283e-03
