2.044072960542903938e-01 -7.567978265057338783e-02 -7.043635695043255762e-02
2.904393579851730013e-04 -2.775324279381131964e-02 2.076337750421300768e-03
6.945661733234466742e-03 8.592841603244499860e-04 2.897871483517236012e-04
-7.609354441730822524e-03 -1.946992757550368880e-04 -6.287924855951260465e-05
5.948529263675822638e-03 -5.728976675691036750e-04 3.391444062512852936e-03
2.010295949284167036e-02 2.952805756649458553e-03 -5.908663975719046554e-04
-7.131346309789813806e-03 1.358278123100905427e-02 6.016150499864815829e-03
-2.205706635135083055e-02 -3.862411456552981241e-03 3.617183102277792515e-03
2.123281944191336094e-03 -1.348852798435016881e-03 -2.267228812906887242e-03
-2.859851451232684524e-03 2.814353836424090920e-03 -2.778338728856278705e-03
8.130008237622870365e-04 -1.838458470967536604e-02 -1.657953498448773129e-03
-7.826359699760503845e-04 3.029556614502468964e-03 1.163507883302270125e-03
3.012932663887340351e-02 -6.575139247675879615e-03 -3.770699004837576272e-03
2.228702379165401273e-03 -5.365356204890656469e-03 -1.541469677697608490e-03
-1.510009257625118066e-05 -1.538220906481298049e-02 2.786345575154076243e-02
-2.528236995203814435e-03 9.452602574714917202e-03 2.329005249729641357e-03
8.086763345864080715e-03 -1.021018059794676048e-04 8.826501947467672296e-04
3.338867206027512028e-03 2.199998028112738313e-04 -2.899967032791812491e-03
5.392189496638715752e-03 -6.852777539690440775e-04 3.469293756553288796e-03
3.474592004695540269e-03 -3.387859335146986995e-03 1.822389417769567635e-03
-8.491909579323211540e-03 9.067330846584946424e-03 3.162619793537285555e-03
6.302540598427744563e-03 -8.086785701343117893e-04 -3.680535448008105410e-03
-5.511388065575367496e-04 2.961303896530396995e-03 -2.137742167511575125e-03
-4.657117054196314651e-03 9.761168538134449082e-03 -1.688608231741583034e-03
1.053709011620814449e-03 9.162937541996726484e-03 -1.027259510003280044e-03
1.121252240843747605e-03 -6.205173497888950146e-03 1.066282543082660000e-03
3.173018833892642110e-02 4.743861976776540660e-04 1.722333061425352372e-03
-3.699782254170106604e-04 3.308619663921701093e-02 1.252839586330887871e-03
1.925432200220194299e-03 5.035666674352580995e-03 3.170405037553197802e-02
-2.809513803904683735e-03 -1.221712029434879158e-02 1.881448631310314113e-03
-2.378605486814479135e-03 1.509282254248903686e-02 3.208699586140792773e-03
-6.913185398399117158e-03 1.617671932558791470e-03 -4.350409607051008813e-03
7.048994850426905379e-03 -1.144469585987839197e-02 1.934888525037341571e-03
-1.055315581129513507e-02 1.649050978532532255e-02 6.021036579222279091e-03
5.151457820688265521e-03 -7.686701062852562341e-03 -2.974020386262978596e-03
-1.828010822657546303e-02 5.607150794236746665e-03 -1.647936027994853416e-03
4.063036142689080941e-03 -5.450176091325684147e-03 -1.760429920162292702e-03
1.157017371449423505e-03 5.456436711750315208e-03 -1.165354538983104198e-03
-6.690024421495978889e-04 -5.844922057812103637e-04 5.917047440831759049e-03
1.992949685203182934e-05 1.118455525306172489e-02 7.365358807689215657e-03
-1.288497464278929748e-03 -1.490887754551792344e-03 1.208242948347126085e-03
4.067692394613907879e-03 -3.146616442363480131e-03 1.811518879032899881e-03
1.895477838242743893e-03 5.120893737994513216e-03 3.651533420665198197e-03
-2.528236995203810098e-03 9.452602574714826997e-03 2.329005249729639189e-03
8.086763345864059899e-03 -1.021018059796714213e-04 8.826501947467766621e-04
3.338867206027512462e-03 2.199998028112902027e-04 -2.899967032791826802e-03
5.392189496638730498e-03 -6.852777539691732060e-04 3.469293756553309179e-03
3.474592004695540269e-03 -3.387859335147020388e-03 1.822389417769573923e-03
-8.491909579323197663e-03 9.067330846585033161e-03 3.162619793537293361e-03
6.302540598427740226e-03 -8.086785701342997547e-04 -3.680535448008111048e-03
-5.511388065575418454e-04 2.961303896530400031e-03 -2.137742167511569921e-03
-4.657117054196312049e-03 9.761168538134395306e-03 -1.688608231741586503e-03
1.053709011620814449e-03 9.162937541996736893e-03 -1.027259510003286766e-03
1.121252240843745654e-03 -6.205173497888923258e-03 1.066282543082663252e-03
3.173018833892646273e-02 4.743861976776880015e-04 1.722333061425353889e-03
-3.699782254170134793e-04 3.308619663921709420e-02 1.252839586330889605e-03
1.925432200220186709e-03 5.035666674352652986e-03 3.170405037553199190e-02
-2.809513803904708021e-03 -1.221712029434916628e-02 1.881448631310295031e-03
-2.378605486814431864e-03 1.509282254248913747e-02 3.208699586140804916e-03
-6.913185398399092872e-03 1.617671932559080518e-03 -4.350409607051028762e-03
7.048994850424605135e-03 -1.144469585988044935e-02 1.934888525037109118e-03
-1.055315581129484537e-02 1.649050978530695183e-02 6.021036579221390045e-03
5.151457820688205673e-03 -7.686701062822538615e-03 -2.974020386262957345e-03
-1.828010822657545262e-02 5.607150794237181213e-03 -1.647936027994839755e-03
4.063036142689051451e-03 -5.450176091325205363e-03 -1.760429920162298340e-03
1.157017371449470125e-03 5.456436711751020373e-03 -1.165354538983138242e-03
-6.690024421495917089e-04 -5.844922057814777279e-04 5.917047440831777264e-03
1.992949685205630859e-05 1.118455525306188969e-02 7.365358807689193973e-03
-1.288497464278939939e-03 -1.490887754551681104e-03 1.208242948347141481e-03
4.067692394613904409e-03 -3.146616442363274133e-03 1.811518879032864970e-03
1.895477838242782273e-03 5.120893737994108158e-03 3.651533420665202534e-03
-2.528236995203816170e-03 9.452602574714830466e-03 2.329005249729636153e-03
8.086763345864049490e-03 -1.021018059797122550e-04 8.826501947467718916e-04
3.338867206027518967e-03 2.199998028112697384e-04 -2.899967032791814659e-03
5.392189496638733100e-03 -6.852777539685147700e-04 3.469293756553333899e-03
3.474592004693209234e-03 -3.387859335148981060e-03 1.822389417768329042e-03
-8.491909579323988697e-03 9.067330846586023688e-03 3.162619793538168095e-03
6.302540598428561618e-03 -8.086785701302794246e-04 -3.680535448007940611e-03
-5.511388065575264497e-04 2.961303896530364035e-03 -2.137742167511549538e-03
-4.657117054196313784e-03 9.761168538134426531e-03 -1.688608231741580866e-03
1.053709011620805342e-03 9.162937541996717811e-03 -1.027259510003283730e-03
1.121252240843742401e-03 -6.205173497888896370e-03 1.066282543082664553e-03
3.173018833892640722e-02 4.743861976776462598e-04 1.722333061425351504e-03
-3.699782254170141840e-04 3.308619663921737869e-02 1.252839586330888738e-03
1.925432200220188877e-03 5.035666674352613954e-03 3.170405037553200578e-02
-2.809513803904699781e-03 -1.221712029434942302e-02 1.881448631310320618e-03
-2.378605486814435333e-03 1.509282254248860318e-02 3.208699586140799712e-03
-6.913185398399103281e-03 1.617671932559211923e-03 -4.350409607051016619e-03
7.048994850426912318e-03 -1.144469585987844575e-02 1.934888525037339836e-03
-1.055315581129514374e-02 1.649050978532489928e-02 6.021036579222307714e-03
5.151457820688184856e-03 -7.686701062822536880e-03 -2.974020386262956478e-03
-1.828010822657315584e-02 5.607150794298534045e-03 -1.647936027993917316e-03
4.063036142689247475e-03 -5.450176091273077790e-03 -1.760429920161655191e-03
1.157017371449474462e-03 5.456436711750921494e-03 -1.165354538983133254e-03
-6.690024421495845532e-04 -5.844922057809215322e-04 5.917047440831750375e-03
1.992949685204919351e-05 1.118455525306160173e-02 7.365358807689195708e-03
-1.288497464278970514e-03 -1.490887754551551651e-03 1.208242948347137144e-03
4.067692394613913950e-03 -3.146616442362827008e-03 1.811518879032857163e-03
1.895477838242780105e-03 5.120893737993826265e-03 3.651533420665192993e-03
-2.528236995203817904e-03 9.452602574714851283e-03 2.329005249729630949e-03
8.086763345864051225e-03 -1.021018059797901685e-04 8.826501947467725422e-04
3.338867206027519834e-03 2.199998028112895793e-04 -2.899967032791816827e-03
5.392189496638730498e-03 -6.852777539680117002e-04 3.469293756553322623e-03
3.474592004695536366e-03 -3.387859335147013450e-03 1.822389417769569586e-03
-8.491909579323157764e-03 9.067330846584221310e-03 3.162619793537295530e-03
6.302540598428551209e-03 -8.086785701302759552e-04 -3.680535448007939744e-03
-5.511388065558891960e-04 2.961303896528881281e-03 -2.137742167512730017e-03
-4.657117054196264344e-03 9.761168538136003395e-03 -1.688608231741244980e-03
1.053709011620805776e-03 9.162937541996735158e-03 -1.027259510003282863e-03
1.121252240843741534e-03 -6.205173497888922390e-03 1.066282543082665204e-03
3.173018833892643498e-02 4.743861976776678896e-04 1.722333061425348902e-03
-3.699782254170139672e-04 3.308619663921722603e-02 1.252839586330887654e-03
1.925432200220189311e-03 5.035666674352566249e-03 3.170405037553200578e-02
-2.809513803904689373e-03 -1.221712029434970058e-02 1.881448631310314763e-03
-2.378605486814420588e-03 1.509282254248842624e-02 3.208699586140784533e-03
-6.913185398399113689e-03 1.617671932559200864e-03 -4.350409607051016619e-03
7.048994850426914920e-03 -1.144469585987849952e-02 1.934888525037341354e-03
-1.055315581129514201e-02 1.649050978532511438e-02 6.021036579222300775e-03
5.151457820688249908e-03 -7.686701062852818213e-03 -2.974020386262973825e-03
-1.828010822657549078e-02 5.607150794237424941e-03 -1.647936027994846477e-03
4.063036142689254414e-03 -5.450176091272834929e-03 -1.760429920161650204e-03
1.157017371449117326e-03 5.456436711718364203e-03 -1.165354538981135070e-03
-6.690024421500196435e-04 -5.844922058181330855e-04 5.917047440833745307e-03
1.992949685203927645e-05 1.118455525306175612e-02 7.365358807689199178e-03
-1.288497464278960973e-03 -1.490887754551373625e-03 1.208242948347143866e-03
4.067692394613900940e-03 -3.146616442362997011e-03 1.811518879032851742e-03
1.895477838242779454e-03 5.120893737993818459e-03 3.651533420665191692e-03
-2.528236995203819205e-03 9.452602574714866895e-03 2.329005249729629648e-03
8.086763345864051225e-03 -1.021018059797975275e-04 8.826501947467712411e-04
3.338867206027520268e-03 2.199998028112894980e-04 -2.899967032791816394e-03
5.392189496638731365e-03 -6.852777539680123507e-04 3.469293756553324792e-03
3.474592004695535932e-03 -3.387859335147012582e-03 1.822389417769568502e-03
-8.491909579323152560e-03 9.067330846584249066e-03 3.162619793537288591e-03
6.302540598427754104e-03 -8.086785701343236071e-04 -3.680535448008114517e-03
-5.511388065575265581e-04 2.961303896530383117e-03 -2.137742167511536093e-03
-4.657117054196262609e-03 9.761168538135991252e-03 -1.688608231741245413e-03
1.053709011621678775e-03 9.162937541989638404e-03 -1.027259510003309968e-03
1.121252240843045476e-03 -6.205173497890153177e-03 1.066282543082760397e-03
3.173018833892641416e-02 4.743861976776684317e-04 1.722333061425350203e-03
-3.699782254170141840e-04 3.308619663921721910e-02 1.252839586330888088e-03
1.925432200220189962e-03 5.035666674352574923e-03 3.170405037553196415e-02
-2.809513803904688505e-03 -1.221712029434969191e-02 1.881448631310315631e-03
-2.378605486814425359e-03 1.509282254248849736e-02 3.208699586140793640e-03
-6.913185398399112822e-03 1.617671932559202599e-03 -4.350409607051014885e-03
7.048994850426918389e-03 -1.144469585987850473e-02 1.934888525037342438e-03
-1.055315581129513507e-02 1.649050978532513173e-02 6.021036579222307714e-03
5.151457820688253378e-03 -7.686701062852826019e-03 -2.974020386262976427e-03
-1.828010822657546303e-02 5.607150794237433615e-03 -1.647936027994843008e-03
4.063036142689029767e-03 -5.450176091325214037e-03 -1.760429920162288582e-03
1.157017371449467523e-03 5.456436711751106242e-03 -1.165354538983118726e-03
-6.690024421500199688e-04 -5.844922058181335192e-04 5.917047440833743573e-03
1.992949685308954648e-05 1.118455525306539557e-02 7.365358807689792453e-03
-1.288497464277973915e-03 -1.490887754568107851e-03 1.208242948348762363e-03
4.067692394613900940e-03 -3.146616442362993541e-03 1.811518879032848490e-03
1.895477838242790947e-03 5.120893737993998003e-03 3.651533420665196896e-03
-2.528236995203817471e-03 9.452602574714847813e-03 2.329005249729633117e-03
8.086763345864046021e-03 -1.021018059797896671e-04 8.826501947467706990e-04
3.338867206027519834e-03 2.199998028112896606e-04 -2.899967032791815526e-03
5.392189496638733100e-03 -6.852777539680131097e-04 3.469293756553325659e-03
3.474592004695536800e-03 -3.387859335147009980e-03 1.822389417769569369e-03
-8.491909579323149090e-03 9.067330846584247331e-03 3.162619793537286422e-03
6.302540598427753236e-03 -8.086785701343241492e-04 -3.680535448008110614e-03
-5.511388065575273170e-04 2.961303896530380949e-03 -2.137742167511534792e-03
-4.657117054196313784e-03 9.761168538134400510e-03 -1.688608231741577396e-03
1.053709011620804908e-03 9.162937541996731688e-03 -1.027259510003283296e-03
1.121252240843045259e-03 -6.205173497890155779e-03 1.066282543082761047e-03
3.173018833892852358e-02 4.743861976780545161e-04 1.722333061423489495e-03
-3.699782254167048611e-04 3.308619663924033255e-02 1.252839586331178437e-03
1.925432200220189311e-03 5.035666674352574056e-03 3.170405037553197802e-02
-2.809513803904694143e-03 -1.221712029434969884e-02 1.881448631310325388e-03
-2.378605486814420154e-03 1.509282254248842797e-02 3.208699586140781497e-03
-6.913185398399116291e-03 1.617671932559202816e-03 -4.350409607051015752e-03
7.048994850426917522e-03 -1.144469585987850299e-02 1.934888525037342221e-03
-1.055315581129513680e-02 1.649050978532513520e-02 6.021036579222306846e-03
5.151457820688256847e-03 -7.686701062852823417e-03 -2.974020386262975994e-03
-1.828010822657548384e-02 5.607150794237434482e-03 -1.647936027994843225e-03
4.063036142689028900e-03 -5.450176091325212302e-03 -1.760429920162288149e-03
1.157017371449466873e-03 5.456436711751107109e-03 -1.165354538983118292e-03
-6.690024421495698080e-04 -5.844922057810260493e-04 5.917047440831742569e-03
1.992949685203901217e-05 1.118455525306175265e-02 7.365358807689188769e-03
-1.288497464277965241e-03 -1.490887754567004784e-03 1.208242948348717694e-03
4.067692394613681497e-03 -3.146616442315567069e-03 1.811518879031884417e-03
1.895477838241355897e-03 5.120893738062060746e-03 3.651533420665672210e-03
