-3.274163231253623962e-02
1.925562322139739990e-02
9.029284864664077759e-02
-9.385351091623306274e-02
-1.607312560081481934e-01
-2.527059018611907959e-01
-2.423147112131118774e-01
1.380762159824371338e-01
-9.159734100103378296e-02
-1.527320444583892822e-01
2.401995472609996796e-02
1.134567931294441223e-01
-2.097437381744384766e-01
2.086728215217590332e-01
2.209419608116149902e-01
1.105741932988166809e-01
-2.641770541667938232e-01
-2.638009190559387207e-01
-2.506935298442840576e-01
1.256900280714035034e-01
-3.706660494208335876e-02
1.740156710147857666e-01
-6.107521802186965942e-02
-6.622273474931716919e-02
8.494021743535995483e-02
1.321621090173721313e-01
-9.509952366352081299e-02
1.658419519662857056e-01
