5.014010071754455566e-01
-1.689499616622924805e-01
3.056466579437255859e-01
3.655755147337913513e-02
1.359717249870300293e-01
2.682438790798187256e-01
1.182265281677246094e-01
-3.103663325309753418e-01
5.734501779079437256e-02
2.961626052856445312e-01
1.143449097871780396e-01
3.146168589591979980e-01
1.923298537731170654e-01
1.916958540678024292e-01
-5.258392170071601868e-02
-6.366916932165622711e-04
1.358574032783508301e-01
3.390858173370361328e-01
-2.818962335586547852e-01
-7.516999542713165283e-02
4.260620847344398499e-02
2.467541694641113281e-01
-8.805424720048904419e-02
-5.297841504216194153e-02
-8.058618009090423584e-02
1.216772571206092834e-01
-2.297975867986679077e-02
2.810126543045043945e-01
