-1.011353060603141785e-01
8.676278591156005859e-02
-7.920659333467483521e-02
1.541583389043807983e-01
-2.219089418649673462e-01
-2.425305694341659546e-01
8.017963171005249023e-02
-1.195525377988815308e-01
-1.647638529539108276e-01
-1.049894765019416809e-01
1.437853574752807617e-01
1.553876847028732300e-01
-3.246488748118281364e-03
1.102590858936309814e-01
-1.687644869089126587e-01
-1.596714705228805542e-01
-2.531667947769165039e-01
-1.394553035497665405e-01
1.094784885644912720e-01
-3.696670755743980408e-02
4.195154458284378052e-02
-9.837610274553298950e-02
3.008932992815971375e-02
3.045687824487686157e-02
1.603751331567764282e-01
4.321382194757461548e-02
1.280533522367477417e-01
-1.072573065757751465e-01
