1.726987361907958984e-01
2.781425416469573975e-01
-9.792276471853256226e-02
-1.712076365947723389e-01
5.741358175873756409e-02
3.198466598987579346e-01
2.967986762523651123e-01
-5.705150961875915527e-02
2.646051906049251556e-02
3.003158420324325562e-02
-1.629112809896469116e-01
-2.391652911901473999e-01
2.860792875289916992e-01
1.084398627281188965e-01
-2.142537236213684082e-01
1.198368966579437256e-01
4.114774242043495178e-02
5.074993968009948730e-01
4.123416543006896973e-01
4.505146443843841553e-01
-1.657439619302749634e-01
2.815636992454528809e-01
2.243449985980987549e-01
3.546498119831085205e-01
4.008058831095695496e-02
9.080936014652252197e-02
3.467623293399810791e-01
-1.142943352460861206e-01
